实验二测试样例 n=200
remark:禁止打表！！！
1.二进制和十进制之间的转换
因为精度问题允许有几位不同
 （1）十进制转二进制
     输入：204.2
     输出：11001100.00110011001100110011001100110011001100110011001100110011001100110011001100110011001100110011001100110011001100110011001100110011001100110011001100110011001100110011001100110011001100110011001100110011
 （2）二进制转十进制
     输入：-11001100.00110011001100110011001100110011001100110011001100110011001100110011001100110011001100110011001100110011001100110011001100110011001100110011001100110011001100110011001100110011001100110011001100110011
     输出：-204.2
2.十进制到N进制的转换
 （1）N=5
      输入：114.5141919810
      输出：424.22411411110130120200011022432203434143021440140040333444113210423230314103240234242223330020443121142024421241231311122134043320100304133101301202000110224322034341430214401400403334441132104232303141
 （2）N=19
      输入：-114.5141919810
      输出：-6 0.9 14 11 16 0 4 14 4 9 5 18 1 18 17 1 6 8 1 18 15 9 15 2 14 2 14 3 9 1 15 13 10 17 3 11 3 1 13 15 3 12 10 13 8 6 12 15 11 13 3 1 5 11 1 18 14 12 5 18 7 4 13 3 3 12 6 8 7 7 17 2 1 13 2 1 12 12 15 8 3 3 3 18 12 12 8 7 18 0 0 10 3 9 1 5 14 6 10 13 13 17 10 3 17 11 1 13 15 14 17 12 3 15 4 12 6 8 5 18 12 11 9 9 8 4 14 17 18 13 7 6 3 2 5 14 2 6 3 17 17 17 6 2 1 1 8 4 14 5 11 1 9 9 5 15 3 18 14 17 18 2 11 17 1 1 6 7 16 13 2 0 0 10 13 12 1 18 18 17 9 3 8 6 1 16 3 15 9 11 17 14 18 11 7 12 13 10 3 7 13
	//可以用A代替10，B代替11，C代替12...
 （3）N=7 完成乘法
      输入：1.14514
            -1.919810
      输出：十进制结果：
	    a+b：-0.77467
	    a-b：3.06495
	    a*b：-2.1984512234
	    N进制结果：
	    a+b：-0.52646610250666635434546301053005016156325661030332030356613061560501340105546325635406663566105265236552116440641251002200501362426214460220024515604460164404150443205546552142061306412253515323401111
            a-b：3.03116420552646354044315322621401050666156024513342423351246015661005011362225331444035462655206412030311642055264635404431532262140105066615602451334242335124601566100501136222533144403546265520641203
            a*b：-2.12503240545131664020045155442631225063152163355630144433521304025564026143051664366361513313312246166623630264002200130035100545410330616663260345264413005516555464550322131440153464405026546120650555

3.单变量多项式求值
f(x)=3/7*x^3-1/3*x^2+4
  输入：x=1.4
  输出：4.522666666666666666666666666666666666666666666666666666666666666666666666666666666666666666666666666666667
随便手搓了一个
  输入：12.31379131*x^2+1*x^1+8.2137619836821388*x^0
        1.612368921371923122414
  输出：41.83870716105689838942659455807834189275025522632876
